164346
785405
849053
212987
589077
774883
865252
873184
260639
647326
992879
937066
379487
202610
731317
683781
153262
896975
105055
640675
948706
439338
330395
652292
729447
832441
763247
159649
673993
260618
991786
728982
240367
570496
998646
540522
737953
219563
578922
811004
552234
315364
434140
343339
416344
890594
356179
674498
510656
670267
915707
443071
749439
363547
470994
427039
265403
555930
233311
559335
331337
338877
189890
805329
160775
526187
188230
910801
324137
464266
731059
209347
574161
703190
260609
333812
670327
923997
303655
232489
358920
334714
923857
131439
710027
232971
673135
847168
523039
995153
459562
221135
643296
224261
561041
700368
491752
353169
434002
404999
